#PATH-POINTS-START Path
-149.033,-134.342,120,0
-147.086,-134.799,40
-145.139,-135.256,120
-143.192,-135.713,120
-141.243,-136.165,120
-139.295,-136.617,120
-137.346,-137.066,120
-135.397,-137.513,120
-133.447,-137.96,120
-131.497,-138.402,120
-129.546,-138.843,120
-127.595,-139.284,120
-125.643,-139.719,120
-123.691,-140.154,120
-121.738,-140.586,120
-119.785,-141.015,120
-117.831,-141.444,120
-115.877,-141.867,120
-113.922,-142.289,120
-111.966,-142.709,120
-110.01,-143.124,120
-108.053,-143.539,120
-106.096,-143.949,120
-104.138,-144.356,120
-102.179,-144.762,120
-100.22,-145.162,120
-98.26,-145.561,120
-96.299,-145.955,120
-94.338,-146.346,120
-92.376,-146.735,120
-90.413,-147.117,120
-88.45,-147.5,120
-86.485,-147.874,120
-84.52,-148.248,120
-82.554,-148.615,120
-80.588,-148.979,120
-78.62,-149.34,120
-76.652,-149.694,120
-74.684,-150.047,120
-72.713,-150.391,120
-70.743,-150.735,120
-68.771,-151.069,120
-66.799,-151.401,120
-64.826,-151.726,120
-62.851,-152.047,120
-60.876,-152.362,120
-58.9,-152.671,120
-56.924,-152.975,120
-54.946,-153.271,120
-52.967,-153.563,120
-50.987,-153.846,120
-49.007,-154.126,120
-47.025,-154.395,120
-45.043,-154.661,120
-43.059,-154.915,120
-41.075,-155.166,120
-39.089,-155.406,120
-37.103,-155.64,120
-35.116,-155.864,120
-33.128,-156.081,120
-31.138,-156.289,120
-29.148,-156.488,120
-27.157,-156.678,120
-25.165,-156.856,120
-23.173,-157.029,120
-21.179,-157.185,120
-19.185,-157.338,120
-17.189,-157.473,120
-15.193,-157.602,120
-13.197,-157.716,120
-11.199,-157.819,120
-9.202,-157.912,120
-7.203,-157.987,120
-5.204,-158.055,120
-3.205,-158.104,120
-1.205,-158.141,120
0.795,-158.167,120
2.795,-158.171,120
4.795,-158.166,120
6.794,-158.142,120
8.794,-158.1,120
10.793,-158.046,120
12.792,-157.969,120
14.79,-157.876,120
16.787,-157.769,120
18.782,-157.635,118.673
20.776,-157.484,115.308
22.769,-157.318,111.984
24.76,-157.124,108.736
26.748,-156.91,105.546
28.735,-156.678,102.408
30.718,-156.42,99.348
32.698,-156.137,96.369
34.675,-155.833,93.456
36.648,-155.509,90.612
38.616,-155.151,87.886
40.579,-154.77,85.239
42.538,-154.366,82.676
44.491,-153.936,80.208
46.437,-153.473,77.871
48.376,-152.984,75.632
50.309,-152.47,73.496
52.235,-151.93,71.466
54.15,-151.353,69.593
56.056,-150.749,67.837
57.954,-150.117,66.201
59.842,-149.458,64.687
61.719,-148.767,63.321
63.582,-148.042,62.111
65.435,-147.289,61.035
67.276,-146.507,60.093
69.104,-145.697,59.288
70.918,-144.854,58.648
72.716,-143.978,58.168
74.5,-143.074,57.828
76.27,-142.143,57.628
78.025,-141.184,57.569
79.763,-140.194,57.67
81.482,-139.173,57.931
83.186,-138.126,58.328
84.874,-137.053,58.858
86.546,-135.955,59.519
88.198,-134.829,60.33
89.832,-133.675,61.286
91.449,-132.497,62.362
93.049,-131.298,63.555
94.633,-130.077,64.86
96.195,-128.829,66.306
97.74,-127.558,67.864
99.269,-126.269,69.521
100.782,-124.961,71.273
102.276,-123.632,73.13
103.751,-122.281,75.096
105.211,-120.914,77.142
106.656,-119.531,79.264
108.084,-118.131,81.471
109.493,-116.711,83.769
110.888,-115.279,86.129
112.27,-113.833,88.549
113.634,-112.37,91.044
114.983,-110.894,93.603
116.319,-109.406,96.21
117.643,-107.907,98.865
118.949,-106.391,101.588
120.244,-104.867,104.347
121.528,-103.334,107.142
122.795,-101.787,109.993
124.052,-100.231,112.875
125.299,-98.668,115.785
126.531,-97.092,118.739
127.753,-95.509,120
128.968,-93.92,120
130.167,-92.319,120
131.358,-90.713,120
132.542,-89.101,120
133.712,-87.479,120
134.876,-85.852,120
136.03,-84.219,120
137.175,-82.579,120
138.314,-80.935,120
139.442,-79.284,120
140.564,-77.628,120
141.679,-75.968,120
142.785,-74.302,120
143.888,-72.633,120
144.98,-70.957,120
146.068,-69.279,120,0
147.15,-67.597,120
146.467,-67.86,120
144.895,-69.097,120
143.29,-70.29,120
141.667,-71.459,120
140.027,-72.603,120
138.353,-73.698,120
136.662,-74.765,120
134.953,-75.804,120
133.211,-76.787,120
131.452,-77.737,120
129.674,-78.653,120
127.871,-79.518,120
126.045,-80.335,120
124.202,-81.111,120
122.342,-81.844,120
120.459,-82.519,120
118.558,-83.141,120
116.642,-83.714,120
114.712,-84.237,120
112.769,-84.709,120
110.81,-85.111,120
108.84,-85.459,120
106.862,-85.753,120
104.877,-85.991,120
102.885,-86.171,120
100.889,-86.292,120
98.89,-86.346,120
96.89,-86.342,120
94.891,-86.282,120
92.895,-86.164,120
90.903,-85.99,120
88.916,-85.76,120
86.937,-85.474,120
84.967,-85.125,120
83.008,-84.723,120
81.061,-84.269,120
79.126,-83.764,120
77.204,-83.209,120
75.298,-82.605,120
73.407,-81.954,120
71.532,-81.257,120
69.676,-80.513,120
67.839,-79.722,120
66.021,-78.889,120
64.222,-78.016,120
62.442,-77.104,120
60.682,-76.153,120
58.943,-75.166,120
57.224,-74.144,120
55.527,-73.087,120
53.851,-71.995,120
52.199,-70.868,120
50.568,-69.71,120
48.96,-68.521,120
47.373,-67.304,120
45.809,-66.057,120
44.267,-64.784,120
42.748,-63.483,120
41.252,-62.156,120
39.779,-60.803,120
38.329,-59.425,120
36.905,-58.021,120
35.505,-56.593,120
34.129,-55.142,120
32.778,-53.667,120
31.451,-52.17,120
30.15,-50.651,120
28.875,-49.111,120
27.627,-47.548,120
26.406,-45.964,120
25.212,-44.359,120
24.048,-42.733,120
22.914,-41.086,120
21.81,-39.418,120
20.739,-37.729,120
19.702,-36.019,120
18.7,-34.288,120
17.736,-32.536,120
16.816,-30.76,120
15.939,-28.963,111.359
15.109,-27.143,101.845
14.329,-25.302,91.672
13.605,-23.438,80.777
12.951,-21.548,69.002
12.366,-19.636,56.414
11.866,-17.699,42.885
11.467,-15.74,40
11.186,-13.76,40
11.047,-11.766,40
11.097,-9.767,40
11.382,-7.789,40
11.969,-5.88,40
12.937,-4.136,40
14.294,-2.676,40
15.986,-1.622,40
17.881,-0.998,40
19.861,-0.733,40,0
21.858,-0.778,118.416
23.854,-0.896,109.609
25.852,-0.998,101.44
27.85,-1.083,93.986
29.849,-1.15,87.295
31.848,-1.199,81.449
33.848,-1.231,76.505
35.848,-1.244,72.497
37.848,-1.24,69.508
39.848,-1.219,67.548
41.847,-1.182,66.629
43.847,-1.13,66.769
45.846,-1.064,67.977
47.844,-0.986,70.203
49.842,-0.898,73.409
51.84,-0.802,77.589
53.837,-0.698,82.65
55.834,-0.588,88.544
57.831,-0.475,95.219
59.827,-0.359,102.595
61.824,-0.242,110.618
63.821,-0.124,119.229
65.817,-0.007,120
67.814,0.109,120
69.811,0.222,120
71.807,0.333,120
73.805,0.44,120
75.802,0.544,120
77.799,0.644,120
79.797,0.74,120
81.795,0.832,120
83.793,0.919,120
85.791,1.002,120
87.79,1.081,120
89.788,1.155,120
91.787,1.224,120
93.786,1.289,120
95.785,1.35,120
97.784,1.406,120
99.784,1.459,120
101.783,1.506,120
103.783,1.55,120
105.782,1.59,120
107.782,1.626,120
109.782,1.658,120
111.782,1.686,120
113.781,1.71,120
115.781,1.731,120,0
115.43,2.943,120
114.278,4.578,120
113.141,6.223,120
112.023,7.882,120
110.924,9.553,120
109.847,11.238,120
108.792,12.937,120
107.764,14.652,120
106.764,16.384,120
105.793,18.133,120
104.856,19.9,120
103.956,21.686,120
103.096,23.491,120
102.281,25.318,120
101.514,27.165,120
100.798,29.032,120
100.137,30.919,116.721
99.535,32.827,105.323
98.994,34.752,95.24
98.515,36.694,86.627
98.099,38.65,79.551
97.746,40.618,74.149
97.45,42.596,70.386
97.207,44.581,68.262
97.013,46.572,67.789
96.858,48.566,68.842
96.734,50.562,71.325
96.634,52.559,75.162
96.549,54.558,80.251
96.47,56.556,86.452
96.391,58.554,93.724
96.305,60.553,101.924
96.207,62.55,111.02
96.093,64.547,120
95.959,66.542,120
95.801,68.536,120
95.619,70.528,120
95.41,72.517,120
95.175,74.503,120
94.912,76.486,120
94.621,78.464,120
94.303,80.439,120
93.959,82.409,120
93.587,84.374,120
93.19,86.334,120
92.77,88.29,120
92.323,90.239,120
92.131,91.952,120,0
94.126,91.812,120
96.121,91.667,120
98.115,91.516,120
100.109,91.355,120
102.101,91.184,120
104.093,91,120
106.083,90.803,120
108.072,90.588,120
110.058,90.355,120
112.042,90.1,120
114.022,89.821,120
115.999,89.517,120
117.97,89.182,120
119.937,88.815,120
121.895,88.41,120
123.845,87.967,120
125.785,87.478,120
127.711,86.94,120
129.621,86.348,120
131.512,85.697,120
133.379,84.979,120
135.216,84.19,120
137.018,83.322,120
138.776,82.37,120
140.482,81.326,117.252
142.124,80.185,112.206
143.691,78.943,108.223
145.17,77.597,105.598
146.548,76.148,104.626
147.81,74.597,105.598
148.948,72.953,108.683
149.952,71.224,113.983
150.82,69.423,120
151.549,67.561,120
152.143,65.652,120
152.607,63.707,120
152.876,62.216,120,0
152.876,62.216,0,0
#PATH.JERRYIO-DATA {"appVersion":"0.4.0","format":"path.jerryio v0.1.x (cm, rpm)","gc":{"robotWidth":30,"robotHeight":30,"robotIsHolonomic":false,"showRobot":false,"uol":1,"pointDensity":2,"controlMagnetDistance":5,"fieldImage":{"displayName":"VRC 2024 - Over Under","signature":"VRC 2024 - Over Under","origin":{"__type":"built-in"}}},"paths":[{"segments":[{"controls":[{"uid":"3ZIXCmocB9","x":-149.0329325140375,"y":-134.3422926157432,"lock":false,"visible":true,"heading":0,"__type":"end-point"},{"uid":"W9NOPMfC4x","x":34.843934738849455,"y":-177.75088992478018,"lock":false,"visible":true,"__type":"control"},{"uid":"kKs6j7doRB","x":84.59311367729632,"y":-165.55746371437652,"lock":false,"visible":true,"__type":"control"},{"uid":"9MXjcQkPOi","x":147.51119292297912,"y":-67.03457993431508,"lock":false,"visible":true,"heading":0,"__type":"end-point"}],"speedProfiles":[],"uid":"kTIsAdpU3j"},{"controls":[{"uid":"9MXjcQkPOi","x":147.51119292297912,"y":-67.03457993431508,"lock":false,"visible":true,"heading":0,"__type":"end-point"},{"uid":"AJatwd2XUX","x":63.62042059540205,"y":-135.3177667125755,"lock":false,"visible":true,"__type":"control"},{"uid":"Qho1FzjH9H","x":-17.343929441678146,"y":-0.7023413497192488,"lock":false,"visible":true,"__type":"control"},{"uid":"DUM1my5Zme","x":20.699560334781225,"y":-0.7023413497192488,"lock":false,"visible":true,"heading":0,"__type":"end-point"}],"speedProfiles":[],"uid":"KnjwPwKFkd"},{"controls":[{"uid":"DUM1my5Zme","x":20.699560334781225,"y":-0.7023413497192488,"lock":false,"visible":true,"heading":0,"__type":"end-point"},{"uid":"RPzEo8kNFa","x":49.476046191333836,"y":-2.6532895433838317,"lock":false,"visible":true,"__type":"control"},{"uid":"FnQ9CN4jSl","x":62.644946498569766,"y":1.2486068439453344,"lock":false,"visible":true,"__type":"control"},{"uid":"VgGsXPhi2g","x":116.2960218243458,"y":1.7363438923614802,"lock":false,"visible":true,"heading":0,"__type":"end-point"}],"speedProfiles":[],"uid":"p8PpY96HnP"},{"controls":[{"uid":"VgGsXPhi2g","x":116.2960218243458,"y":1.7363438923614802,"lock":false,"visible":true,"heading":0,"__type":"end-point"},{"uid":"JTuYz0Yrxe","x":87.03179891937705,"y":42.21851891090158,"lock":false,"visible":true,"__type":"control"},{"uid":"0rFhlzjCqJ","x":102.39551594448564,"y":49.290706112935695,"lock":false,"visible":true,"__type":"control"},{"uid":"6lUSHO11B2","x":91.90916940353851,"y":91.96769784934845,"lock":false,"visible":true,"heading":0,"__type":"end-point"}],"speedProfiles":[],"uid":"xP5OCQf47w"},{"controls":[{"uid":"6lUSHO11B2","x":91.90916940353851,"y":91.96769784934845,"lock":false,"visible":true,"heading":0,"__type":"end-point"},{"uid":"GPcVSz4288","x":120.19791821167497,"y":90.01674965568387,"lock":false,"visible":true,"__type":"control"},{"uid":"whEKyvYZ6o","x":148.97440406822756,"y":87.090327365187,"lock":false,"visible":true,"__type":"control"},{"uid":"Qralj9JfqF","x":152.87630045555673,"y":62.21573789596356,"lock":false,"visible":true,"heading":0,"__type":"end-point"}],"speedProfiles":[],"uid":"5dD3g7894h"}],"pc":{"speedLimit":{"minLimit":{"value":0,"label":"0"},"maxLimit":{"value":600,"label":"600"},"step":1,"from":40,"to":120},"bentRateApplicableRange":{"minLimit":{"value":0,"label":"0"},"maxLimit":{"value":4,"label":"4"},"step":0.01,"from":1.4,"to":1.8}},"name":"Path","uid":"xvvKxLo2no","lock":false,"visible":true}]}